25 18 10
0.1

0.034355 -0.066635 -0.027038 0.041030 0.089784 0.020563 0.080853 0.046930 -0.091274 0.095200 -0.058075 0.090511 -0.065630 -0.089019 0.005073 -0.069831 0.058735 0.079056 0.006506 -0.047003 0.012651 0.091517 0.019932 0.051164 -0.040054744945771444
-0.014886 -0.096612 -0.023018 -0.028594 -0.032136 0.037905 0.010338 -0.017646 -0.095169 -0.015388 0.073964 0.022284 0.039276 -0.025412 -0.059998 -0.054187 -0.088529 -0.010266 0.085585 -0.008731 -0.070122 -0.006889 0.075659 0.046557 0.048017110086475384
0.023637 0.078044 -0.088477 -0.094761 -0.017250 0.048711 -0.088143 0.000733 0.009564 0.064543 -0.058377 -0.012496 -0.033741 0.026335 -0.010140 -0.003328 -0.063115 -0.093453 0.041240 0.032340 -0.019546 0.074336 -0.068390 -0.086605 0.07313709340170046
-0.005341 0.086282 -0.018994 0.024589 -0.031271 0.072316 0.039199 -0.040140 -0.040129 -0.044471 -0.049200 -0.078957 -0.068147 -0.031129 -0.027881 0.061770 -0.084022 -0.029200 0.077193 -0.017147 0.018788 0.000670 -0.004005 -0.011204 -0.01605765466418059
-0.077322 0.070905 0.032639 -0.070140 0.090751 -0.078108 0.060506 0.098983 -0.036174 -0.096780 -0.032575 0.075005 0.054291 0.033127 0.032468 -0.048826 -0.098076 0.082818 -0.086092 -0.034201 -0.068505 0.022225 0.054064 -0.039671 0.07425751347117468
0.037406 0.068704 0.060898 -0.088110 0.058042 -0.022709 0.035962 0.035991 -0.036580 -0.031908 0.040706 -0.092912 -0.028625 -0.013917 -0.076902 -0.055840 -0.042902 -0.018205 -0.062971 0.079012 -0.002692 -0.034312 -0.015289 -0.030597 0.09018455099346906
0.075333 -0.006501 0.080645 -0.037399 0.081626 -0.078409 -0.082523 -0.056440 -0.064534 -0.017441 0.016317 0.056384 0.087754 -0.019610 0.092582 -0.037920 0.003276 -0.045215 -0.021426 -0.027549 -0.067012 0.050656 0.084519 0.043889 0.00939642051399156
0.046321 0.068639 0.061426 0.086188 -0.098378 0.011730 0.027508 0.055950 0.020215 0.057530 -0.018917 0.048766 0.059534 0.002232 -0.010032 -0.060306 0.067436 0.094824 -0.016884 -0.025484 0.076301 -0.055512 -0.080731 0.060932 0.04335282915538366
-0.077858 0.024612 -0.033774 -0.009753 -0.009752 -0.025548 -0.087296 -0.034546 0.098351 -0.057464 0.068588 0.029745 -0.058623 -0.003440 -0.005205 0.048090 -0.006469 -0.020507 0.026937 0.060518 -0.097280 -0.016224 0.047095 0.000028 -0.04126164363221799
-0.000945 -0.068639 -0.072621 0.033020 0.094006 -0.053167 -0.039417 -0.071406 -0.021068 -0.084302 0.091212 0.075932 -0.011794 0.064227 -0.099878 -0.036277 0.020265 -0.069037 0.011944 0.003150 -0.022280 -0.078931 -0.039279 0.090087 -0.03866958846904407
0.062737 -0.021680 -0.048303 0.088913 0.046795 0.062743 0.042230 -0.066067 -0.087965 -0.064757 0.087392 0.008392 -0.023456 -0.046865 -0.032523 0.050760 0.009202 -0.090533 0.076532 -0.077922 -0.014234 -0.078787 -0.001886 0.061998 0.08035692374891848
0.084420 0.097828 -0.088581 0.005889 0.057725 0.048578 0.069470 0.035920 0.024952 -0.023389 0.020035 0.015587 -0.017034 0.044691 0.036591 0.000754 0.002762 0.073351 -0.045947 0.052176 0.019729 0.041971 0.082420 -0.044552 0.023322114866204446
0.008513 0.029439 0.037675 0.036878 -0.059954 -0.001916 0.008284 0.005040 -0.044210 0.029589 0.064052 0.039314 -0.049796 0.073856 -0.032599 0.011478 0.085732 0.086469 0.032196 0.030129 0.023120 -0.024821 -0.067291 0.087378 -0.008181763797724909
-0.051415 -0.010851 -0.079290 0.093770 0.055902 0.077062 0.099304 -0.019016 0.049060 -0.041885 -0.085402 0.050587 -0.052979 0.036242 0.031652 -0.039349 0.037105 -0.094212 0.040862 -0.014128 -0.090801 -0.022731 0.038839 -0.095714 0.08616354909724791
-0.058466 -0.037217 -0.065497 0.087347 0.064579 0.004425 -0.072486 -0.057997 0.092946 0.037623 -0.042036 0.055559 0.093593 0.007972 0.056823 -0.075951 0.052312 0.053260 0.080738 0.090660 -0.088784 -0.049594 0.022897 -0.056769 -0.06147740484156861
-0.082524 0.036077 0.062668 0.092788 0.038671 0.060590 0.049626 -0.031042 0.025668 0.028197 0.080442 -0.004965 0.080450 -0.052407 0.073182 -0.014127 0.082782 -0.032078 0.080802 -0.045474 -0.010257 -0.036183 -0.029198 0.031817 0.005225624609015558
0.088810 -0.000607 0.051189 -0.045923 -0.096487 -0.056935 0.018631 -0.021433 -0.099217 0.011590 -0.093589 -0.035874 -0.077820 0.033874 -0.015472 -0.003218 0.088314 -0.018297 0.035249 0.056534 0.050281 -0.023694 0.083813 0.058838 0.010177836446098265
-0.091205 -0.077718 0.070709 0.055788 0.097945 -0.096236 0.048397 -0.092189 0.007355 0.040649 -0.029619 -0.012382 -0.051014 -0.046802 -0.027578 -0.020688 -0.088859 0.083784 0.030690 -0.018049 -0.033621 0.017263 0.084452 -0.073895 -0.06154237893852957

-0.070600 0.041610 -0.036501 -0.062692 -0.077009 0.068352 0.029308 0.007153 -0.094767 -0.071542 -0.076268 0.075280 -0.089875 -0.091706 0.062827 0.037613 -0.023905 0.04029864230813468
-0.091902 -0.027903 0.051773 -0.079230 0.000218 -0.067955 -0.078245 0.007009 0.094281 -0.060990 0.019403 0.074406 -0.077663 0.068314 0.025185 -0.084213 -0.006493 -0.09967669153714152
-0.063276 -0.026634 -0.017183 0.096632 0.040706 0.007894 0.056947 0.052731 -0.083030 -0.069882 -0.061595 0.077368 0.061548 -0.053604 0.019241 -0.046328 -0.071868 0.0033542857030482987
0.001178 0.048268 -0.043620 -0.044299 -0.038828 -0.048018 0.080664 -0.073161 0.019681 -0.040640 0.094326 -0.016333 -0.076474 -0.075873 0.082184 -0.095030 0.046023 -0.036171357925389114
-0.072009 0.087059 -0.045832 -0.070711 0.053724 -0.099172 -0.004063 -0.096857 0.054056 0.091142 -0.079636 0.046600 -0.047966 0.092506 -0.041132 0.074711 0.020937 0.02418495864844307
0.068377 -0.092201 0.092495 0.023489 -0.034904 0.020356 0.003074 0.077666 -0.037621 0.088583 -0.082846 0.022875 0.066935 -0.076125 -0.088650 0.092952 0.084702 -0.02804360549952488
0.002425 -0.078794 0.041041 0.055984 -0.040797 0.025230 0.029451 -0.053166 -0.049026 -0.062291 0.068853 -0.045090 -0.046075 0.085495 0.071535 0.055199 0.062337 0.06470245388944124
0.002205 0.080933 0.032722 -0.088664 -0.056879 0.051091 -0.073214 -0.075018 0.071139 -0.066866 0.013025 -0.032654 0.099555 0.084695 -0.063017 -0.072068 -0.059056 0.0666529637709962
-0.023383 0.025900 0.006785 0.074829 -0.038052 0.000173 0.075462 0.098726 -0.042922 0.029102 0.032307 0.083102 0.077881 0.016507 0.013685 0.041782 0.050111 0.08268288716083125
-0.028331 0.053028 -0.099643 -0.093047 0.016681 -0.048110 -0.083756 -0.017383 0.092570 -0.072632 -0.087565 0.065650 -0.008133 -0.069176 0.095478 -0.074745 0.028578 0.006993935229934273

